SI,Name,Age
1,AJAY,19
2,MAAYON,19
3,SMILY,19
